105713
105713
105713
105713
105713
105713
105713
105713
105713
105713
105713
105713
105713
105713
105713
105713
105713
105713
105713
105713
105713
105713
105713
105713
105713
105713
105713
105713
105713
105713
105777a
105777a
105777a
105777a
105777a
105777a
105712
105712
105712
105712
105712
105712
105712
105712
105712
105712
105712
105712
105712
105712
105712
105712
105712
105712
105712
105712
105712
105712
105712
105712
105712
105712
105712
105712
105712
105712
105706
105706
105706
105706
105706
105706
105706
105706
105706
105706
105706
105706
105706
105706
105706
105706
105706
105706
105706
105706
105706
105706
105706
105706
105706
105706
105706
105706
105706
105706
105715
105715
105715
105715
105715
105715
105715
105715
105715
105715
105715
105715
105715
105715
105715
105715
105715
105715
105715
105715
105715
105715
105715
105715
105715
105715
105715
105715
105715
105715
105716
105716
105716
105716
105716
105716
105716
105716
105716
105716
105716
105716
105716
105716
105716
105716
105716
105716
105716
105716
105716
105716
105716
105716
105716
105716
105716
105716
105716
105716
105708
105708
105708
105708
105708
105708
105708
105708
105708
105708
105708
105708
105708
105708
105708
105708
105708
105708
105708
105708
105708
105708
105708
105708
105708
105708
105708
105708
105708
105708
105777
105777
105777
105777
105777
105777
105777
105777
105777
105777
105777
105777
105777
105777
105777
105777
105777
105777
105746
105746
105746
105746
105746
105746
105746
105746
105746
105746
105746
105746
105746
105746
105746
105746
105746
105746
105753
105753
105753
105753
105753
105753
105753
105753
105753
105753
105753
105753
105753
105753
105753
105753
105753
105753
105750
105750
105750
105750
105750
105750
105750
105750
105750
105750
105750
105750
105750
105750
105750
105750
105750
105750
105734
105734
105734
105734
105734
105734
105734
105734
105734
105734
105734
105734
105734
105734
105734
105734
105734
105734
105734
105734
105734
105734
105734
105734
105734
105734
105734
105734
105734
105734
105720
105720
105720
105720
105720
105720
105720
105720
105720
105720
105720
105720
105720
105720
105720
105720
105720
105720
105720
105720
105720
105720
105720
105720
105720
105720
105720
105720
105720
105720
105707
105707
105707
105707
105707
105707
105707
105707
105707
105707
105707
105707
105707
105707
105707
105707
105707
105707
105707
105707
105707
105707
105707
105707
105707
105707
105707
105707
105707
105707
105759
105759
105759
105759
105759
105759
105759
105759
105759
105759
105759
105759
105759
105759
105759
105759
105759
105759
105762
105762
105762
105762
105762
105762
105762
105762
105762
105762
105762
105762
105762
105762
105762
105762
105762
105762
105755
105755
105755
105755
105755
105755
105755
105755
105755
105755
105755
105755
105755
105755
105755
105755
105755
105755
105743
105743
105743
105743
105743
105743
105743
105743
105743
105743
105743
105743
105743
105743
105743
105743
105743
105743
105765
105765
105765
105765
105765
105765
105765
105765
105765
105765
105765
105765
105765
105765
105765
105765
105765
105765
105748
105748
105748
105748
105748
105748
105748
105748
105748
105748
105748
105748
105748
105748
105748
105748
105748
105748
105776
105776
105776
105776
105776
105776
105776
105776
105776
105776
105776
105776
105776
105776
105776
105776
105776
105776
105788
105788
105788
105788
105788
105788
105788
105788
105788
105788
105788
105788
105788
105788
105788
105788
105788
105788
105788
105788
105788
105726
105726
105726
105726
105726
105726
105726
105726
105726
105726
105726
105726
105726
105726
105726
105726
105726
105726
105726
105726
105726
105730
105730
105730
105730
105730
105730
105730
105730
105730
105730
105730
105730
105730
105730
105730
105730
105730
105730
105730
105730
105730
105731
105731
105731
105731
105731
105731
105731
105731
105731
105731
105731
105731
105731
105731
105731
105731
105731
105731
105731
105731
105731
105729
105729
105729
105729
105729
105729
105729
105729
105729
105729
105729
105729
105729
105729
105729
105729
105729
105729
105729
105729
105729
105724
105724
105724
105724
105724
105724
105724
105724
105724
105724
105724
105724
105724
105724
105724
105724
105724
105724
105724
105724
105724
105723
105723
105723
105723
105723
105723
105723
105723
105723
105723
105723
105723
105723
105723
105723
105723
105723
105723
105723
105723
105723
105700
105700
105700
105700
105700
105700
105700
105700
105700
105700
105700
105700
105700
105700
105700
105700
105700
105700
105700
105700
105700
105704
105704
105704
105704
105704
105704
105704
105704
105704
105704
105704
105704
105704
105704
105704
105704
105704
105704
105704
105704
105704
105711
105711
105711
105711
105711
105711
105711
105711
105711
105711
105711
105711
105711
105711
105711
105711
105711
105711
105711
105711
105711
105711
105711
105711
105711
105711
105711
105711
105711
105711
105733
105733
105733
105733
105733
105733
105733
105733
105733
105733
105733
105733
105733
105733
105733
105733
105733
105733
105733
105733
105733
105733
105733
105733
105733
105733
105733
105733
105733
105733
105796
105796
105796
105796
105796
105796
105796
105796
105796
105796
105796
105796
105796
105796
105796
105796
105796
105796
105796
105796
105796
105795
105795
105795
105795
105795
105795
105795
105795
105795
105795
105795
105795
105795
105795
105795
105795
105795
105795
105795
105795
105795
105787
105787
105787
105787
105787
105787
105787
105787
105787
105787
105787
105787
105787
105787
105787
105787
105787
105787
105787
105787
105787
105818
105818
105818
105818
105818
105818
105818
105818
105818
105818
105818
105818
105818
105818
105818
105818
105818
105818
105818
105818
105818
105819
105819
105819
105819
105819
105819
105819
105819
105819
105819
105819
105819
105819
105819
105819
105819
105819
105819
105819
105819
105819
105815
105815
105815
105815
105815
105815
105815
105815
105815
105815
105815
105815
105815
105815
105815
105815
105815
105815
105815
105815
105815
105817
105817
105817
105817
105817
105817
105817
105817
105817
105817
105817
105817
105817
105817
105817
105817
105817
105817
105817
105817
105817
105816
105816
105816
105816
105816
105816
105816
105816
105816
105816
105816
105816
105816
105816
105816
105816
105816
105816
105816
105816
105816
105785
105785
105785
105785
105785
105785
105785
105785
105785
105785
105785
105785
105785
105785
105785
105785
105785
105785
105785
105785
105785
105821
105821
105821
105821
105821
105821
105821
105821
105821
105821
105821
105821
105821
105821
105821
105821
105821
105821
105821
105821
105821
105820
105820
105820
105820
105820
105820
105820
105820
105820
105820
105820
105820
105820
105820
105820
105820
105820
105820
105820
105820
105820
105828
105828
105828
105828
105828
105828
105828
105828
105828
105828
105828
105828
105828
105828
105828
105828
105828
105828
105828
105828
105828
105829
105829
105829
105829
105829
105829
105829
105829
105829
105829
105829
105829
105829
105829
105829
105829
105829
105829
105829
105829
105829
105827
105827
105827
105827
105827
105827
105827
105827
105827
105827
105827
105827
105827
105827
105827
105827
105827
105827
105827
105827
105827
105823
105823
105823
105823
105823
105823
105823
105823
105823
105823
105823
105823
105823
105823
105823
105823
105823
105823
105823
105823
105823
105824
105824
105824
105824
105824
105824
105824
105824
105824
105824
105824
105824
105824
105824
105824
105824
105824
105824
105824
105824
105824
105825
105825
105825
105825
105825
105825
105825
105825
105825
105825
105825
105825
105825
105825
105825
105825
105825
105825
105825
105825
105825
105826
105826
105826
105826
105826
105826
105826
105826
105826
105826
105826
105826
105826
105826
105826
105826
105826
105826
105826
105826
105826
105806
105806
105806
105806
105806
105806
105806
105806
105806
105806
105806
105806
105806
105806
105806
105806
105806
105806
105806
105806
105806
105809
105809
105809
105809
105809
105809
105809
105809
105809
105809
105809
105809
105809
105809
105809
105809
105809
105809
105809
105809
105809
105812
105812
105812
105812
105812
105812
105812
105812
105812
105812
105812
105812
105812
105812
105812
105812
105812
105812
105812
105812
105812
105742
105742
105742
105742
105742
105742
105742
105742
105742
105742
105742
105742
105742
105742
105742
105742
105742
105742
105779
105779
105779
105779
105779
105779
105779
105779
105779
105779
105779
105779
105779
105779
105779
105779
105779
105779
105745
105745
105745
105745
105745
105745
105745
105745
105745
105745
105745
105745
105745
105745
105745
105745
105745
105745
105740
105740
105740
105740
105740
105740
105740
105740
105740
105740
105740
105740
105740
105740
105740
105740
105740
105740
105756
105756
105756
105756
105756
105756
105756
105756
105756
105756
105756
105756
105756
105756
105756
105756
105756
105756
105744
105744
105744
105744
105744
105744
105744
105744
105744
105744
105744
105744
105744
105744
105744
105744
105744
105744
105764
105764
105764
105764
105764
105764
105764
105764
105764
105764
105764
105764
105764
105764
105764
105764
105764
105764
105772
105772
105772
105772
105772
105772
105772
105772
105772
105772
105772
105772
105772
105772
105772
105772
105772
105772
105757
105757
105757
105757
105757
105757
105757
105757
105757
105757
105757
105757
105757
105757
105757
105757
105757
105757
105775
105775
105775
105775
105775
105775
105775
105775
105775
105775
105775
105775
105775
105775
105775
105775
105775
105775
105774
105774
105774
105774
105774
105774
105774
105774
105774
105774
105774
105774
105774
105774
105774
105774
105774
105774
105771
105771
105771
105771
105771
105771
105771
105771
105771
105771
105771
105771
105771
105771
105771
105771
105771
105771
105751
105751
105751
105751
105751
105751
105751
105751
105751
105751
105751
105751
105751
105751
105751
105751
105751
105751
105773
105773
105773
105773
105773
105773
105773
105773
105773
105773
105773
105773
105773
105773
105773
105773
105773
105773
105766
105766
105766
105766
105766
105766
105766
105766
105766
105766
105766
105766
105766
105766
105766
105766
105766
105766
105741
105741
105741
105741
105741
105741
105741
105741
105741
105741
105741
105741
105741
105741
105741
105741
105741
105741
105714
105714
105714
105714
105714
105714
105714
105714
105714
105714
105714
105714
105714
105714
105714
105714
105714
105714
105714
105714
105714
105714
105714
105714
105714
105714
105714
105714
105714
105714
105710
105710
105710
105710
105710
105710
105710
105710
105710
105710
105710
105710
105710
105710
105710
105710
105710
105710
105710
105710
105710
105710
105710
105710
105710
105710
105710
105710
105710
105710
105705
105705
105705
105705
105705
105705
105705
105705
105705
105705
105705
105705
105705
105705
105705
105705
105705
105705
105705
105705
105705
105705
105705
105705
105705
105705
105705
105705
105705
105705
105727
105727
105727
105727
105727
105727
105727
105727
105727
105727
105727
105727
105727
105727
105727
105727
105727
105727
105727
105727
105727
105727
105727
105727
105727
105727
105727
105727
105727
105727
105732
105732
105732
105732
105732
105732
105732
105732
105732
105732
105732
105732
105732
105732
105732
105732
105732
105732
105732
105732
105732
105732
105732
105732
105732
105732
105732
105732
105732
105732
105725
105725
105725
105725
105725
105725
105725
105725
105725
105725
105725
105725
105725
105725
105725
105725
105725
105725
105725
105725
105725
105725
105725
105725
105725
105725
105725
105725
105725
105725
105811
105811
105811
105811
105811
105811
105811
105811
105811
105811
105811
105811
105811
105811
105811
105811
105811
105811
105811
105811
105811
105853
105853
105853
105853
105853
105853
105853
105853
105853
105853
105853
105853
105853
105853
105853
105853
105853
105853
105853
105853
105853
105808
105808
105808
105808
105808
105808
105808
105808
105808
105808
105808
105808
105808
105808
105808
105808
105808
105808
105808
105808
105808
105807
105807
105807
105807
105807
105807
105807
105807
105807
105807
105807
105807
105807
105807
105807
105807
105807
105807
105807
105807
105807
105801
105801
105801
105801
105801
105801
105801
105801
105801
105801
105801
105801
105801
105801
105801
105801
105801
105801
105801
105801
105801
105798
105798
105798
105798
105798
105798
105798
105798
105798
105798
105798
105798
105798
105798
105798
105798
105798
105798
105798
105798
105798
105797
105797
105797
105797
105797
105797
105797
105797
105797
105797
105797
105797
105797
105797
105797
105797
105797
105797
105797
105797
105797
105803
105803
105803
105803
105803
105803
105803
105803
105803
105803
105803
105803
105803
105803
105803
105803
105803
105803
105803
105803
105803
105789
105789
105789
105789
105789
105789
105789
105789
105789
105789
105789
105789
105789
105789
105789
105789
105789
105789
105789
105789
105789
105810
105810
105810
105810
105810
105810
105810
105810
105810
105810
105810
105810
105810
105810
105810
105810
105810
105810
105810
105810
105810
105709
105709
105709
105709
105709
105709
105709
105709
105709
105709
105709
105709
105709
105709
105709
105709
105709
105709
105709
105709
105709
105709
105709
105709
105709
105709
105709
105709
105709
105709
105718
105718
105718
105718
105718
105718
105718
105718
105718
105718
105718
105718
105718
105718
105718
105718
105718
105718
105718
105718
105718
105718
105718
105718
105718
105718
105718
105718
105718
105718
105721
105721
105721
105721
105721
105721
105721
105721
105721
105721
105721
105721
105721
105721
105721
105721
105721
105721
105721
105721
105721
105721
105721
105721
105721
105721
105721
105721
105721
105721
105701
105701
105701
105701
105701
105701
105701
105701
105701
105701
105701
105701
105701
105701
105701
105701
105701
105701
105701
105701
105701
105701
105701
105701
105701
105701
105701
105701
105701
105701
105719
105719
105719
105719
105719
105719
105719
105719
105719
105719
105719
105719
105719
105719
105719
105719
105719
105719
105719
105719
105719
105719
105719
105719
105719
105719
105719
105719
105719
105719
105702
105702
105702
105702
105702
105702
105702
105702
105702
105702
105702
105702
105702
105702
105702
105702
105702
105702
105702
105702
105702
105702
105702
105702
105702
105702
105702
105702
105702
105702
105735
105735
105735
105735
105735
105735
105735
105735
105735
105735
105735
105735
105735
105735
105735
105735
105735
105735
105735
105735
105735
105735
105735
105735
105735
105735
105735
105735
105735
105735
105736
105736
105736
105736
105736
105736
105736
105736
105736
105736
105736
105736
105736
105736
105736
105736
105736
105736
105736
105736
105736
105736
105736
105736
105736
105736
105736
105736
105736
105736
105737
105737
105737
105737
105737
105737
105737
105737
105737
105737
105737
105737
105737
105737
105737
105737
105737
105737
105737
105737
105737
105737
105737
105737
105737
105737
105737
105737
105737
105737
105799
105799
105799
105799
105799
105799
105799
105799
105799
105799
105799
105799
105799
105799
105799
105799
105799
105799
105799
105799
105799
105747
105747
105747
105747
105747
105747
105747
105747
105747
105747
105747
105747
105747
105747
105747
105747
105747
105747
105786
105786
105786
105786
105786
105786
105786
105786
105786
105786
105786
105786
105786
105786
105786
105786
105786
105786
105786
105786
105786
105769
105769
105769
105769
105769
105769
105769
105769
105769
105769
105769
105769
105769
105769
105769
105769
105769
105769
105717
105717
105717
105717
105717
105717
105717
105717
105717
105717
105717
105717
105717
105717
105717
105717
105717
105717
105717
105717
105717
105717
105717
105717
105717
105717
105717
105717
105717
105717
105754
105754
105754
105754
105754
105754
105754
105754
105754
105754
105754
105754
105754
105754
105754
105754
105754
105754
105749
105749
105749
105749
105749
105749
105749
105749
105749
105749
105749
105749
105749
105749
105749
105749
105749
105749
105758
105758
105758
105758
105758
105758
105758
105758
105758
105758
105758
105758
105758
105758
105758
105758
105758
105758
105778
105778
105778
105778
105778
105778
105778
105778
105778
105778
105778
105778
105778
105778
105778
105778
105778
105778
105752
105752
105752
105752
105752
105752
105752
105752
105752
105752
105752
105752
105752
105752
105752
105752
105752
105752
105763
105763
105763
105763
105763
105763
105763
105763
105763
105763
105763
105763
105763
105763
105763
105763
105763
105763
105767
105767
105767
105767
105767
105767
105767
105767
105767
105767
105767
105767
105767
105767
105767
105767
105767
105767
105841a
105841a
105841a
105841a
105841a
105841a
105841a
105841a
105841a
105841a
702776
702776
702776
702776
702776
702776
702775
702775
702775
702775
702775
702775
702779
702779
702780
702780
702781
702781
702717
702717
702705
702705
702704
702704
702786
702786
702786
702786
702786
702785
702785
702785
702785
702785
702783
702783
702783
702783
702783
702788
702788
702788
702788
702782
702782
702782
702782
105867
105867
105867
105867
105867
105867
105867
105867
105867
105867
105867
105867
105867
105867
105868
105868
105868
105868
105868
105868
105868
105868
105868
105868
105868
105868
105868
105868
105863
105863
105863
105863
105863
105863
105863
105863
105863
105863
105863
105863
105863
105863
105805
105805
105805
105805
105805
105805
105805
105805
105805
105805
105805
105805
105805
105805
105805
105805
105805
105805
105805
105805
105805
105864
105864
105864
105864
105864
105864
105864
105864
105864
105864
105864
105864
105864
105864
105865
105865
105865
105865
105865
105865
105865
105865
105865
105865
105865
105865
105865
105865
105856
105856
105856
105856
105856
105856
105856
105856
105856
105856
105856
105856
105859
105859
105859
105859
105859
105859
105859
105859
105859
105859
105859
105859
105860
105860
105860
105860
105860
105860
105860
105860
105860
105860
105860
105860
105857
105857
105857
105857
105857
105857
105857
105857
105857
105857
105857
105857
702791
702791
702791
702791
702791
702791
702791
702791
702792
702792
702792
702792
702792
702792
702792
702792
702794
702794
702794
702794
702794
702794
702794
702794
702793
702793
702793
702793
702793
702793
702790
702790
702790
702790
702790
702790