205804
205804
205804
205804
205804
205804
205804
205804
205804
205804
205804
205804
205804
205804
205804
205804
205804
205804
205804
205804
205804
205804
205804
205804
205804
205804
205804
205804
205804
205804
205858
205858
205858
205858
205858
205858
205858
205858
205858
205858
205858
205858
205858
205858
205858
205858
205858
205858
205869
205869
205869
205869
205869
205869
205869
205869
205869
205869
205869
205869
205869
205869
205869
205869
205869
205869
205866
205866
205866
205866
205866
205866
205866
205866
205866
205866
205866
205866
205866
205866
205866
205866
205866
205866
205888
205888
205888
205888
205888
205888
205888
205888
205888
205888
205888
205888
205888
205888
205888
205888
205888
205888
205888
205888
205888
205887
205887
205887
205887
205887
205887
205887
205887
205887
205887
205887
205887
205887
205887
205887
205887
205887
205887
205887
205887
205887
205789
205789
205789
205789
205789
205789
205789
205789
205789
205789
205789
205789
205789
205789
205789
205789
205789
205789
205789
205789
205789
205789
205789
205789
205789
205789
205789
205789
205789
205789
205853
205853
205853
205853
205853
205853
205853
205853
205853
205853
205853
205853
205853
205853
205853
205853
205853
205853
205874
205874
205874
205874
205874
205874
205874
205874
205874
205874
205874
205874
205874
205874
205874
205874
205874
205874
205874
205874
205874
205845
205845
205845
205845
205845
205845
205845
205845
205845
205845
205845
205845
205845
205845
205845
205845
205845
205845
205802
205802
205802
205802
205802
205802
205802
205802
205802
205802
205802
205802
205802
205802
205802
205802
205802
205802
205802
205802
205802
205802
205802
205802
205802
205802
205802
205802
205802
205802
205864
205864
205864
205864
205864
205864
205864
205864
205864
205864
205864
205864
205864
205864
205864
205864
205864
205864
205803
205803
205803
205803
205803
205803
205803
205803
205803
205803
205803
205803
205803
205803
205803
205803
205803
205803
205803
205803
205803
205803
205803
205803
205803
205803
205803
205803
205803
205803
205899
205899
205899
205899
205899
205899
205899
205899
205899
205899
205899
205899
205899
205899
205899
205899
205899
205899
205899
205899
205899
205902
205902
205902
205902
205902
205902
205902
205902
205902
205902
205902
205902
205902
205902
205902
205902
205902
205902
205902
205902
205902
205882
205882
205882
205882
205882
205882
205882
205882
205882
205882
205882
205882
205882
205882
205882
205882
205882
205882
205882
205882
205882
205903
205903
205903
205903
205903
205903
205903
205903
205903
205903
205903
205903
205903
205903
205903
205903
205903
205903
205903
205903
205903
205790
205790
205790
205790
205790
205790
205790
205790
205790
205790
205790
205790
205790
205790
205790
205790
205790
205790
205790
205790
205790
205790
205790
205790
205790
205790
205790
205790
205790
205790
205825
205825
205825
205825
205825
205825
205825
205825
205825
205825
205825
205825
205825
205825
205825
205825
205825
205825
205825
205825
205825
205825
205825
205825
205825
205825
205825
205825
205825
205825
205798
205798
205798
205798
205798
205798
205798
205798
205798
205798
205798
205798
205798
205798
205798
205798
205798
205798
205798
205798
205798
205798
205798
205798
205798
205798
205798
205798
205798
205798
205867
205867
205867
205867
205867
205867
205867
205867
205867
205867
205867
205867
205867
205867
205867
205867
205867
205867
205872
205872
205872
205872
205872
205872
205872
205872
205872
205872
205872
205872
205872
205872
205872
205872
205872
205872
205872
205872
205872
205822
205822
205822
205822
205822
205822
205822
205822
205822
205822
205822
205822
205822
205822
205822
205822
205822
205822
205822
205822
205822
205822
205822
205822
205822
205822
205822
205822
205822
205822
205851
205851
205851
205851
205851
205851
205851
205851
205851
205851
205851
205851
205851
205851
205851
205851
205851
205851
205852
205852
205852
205852
205852
205852
205852
205852
205852
205852
205852
205852
205852
205852
205852
205852
205852
205852
205863
205863
205863
205863
205863
205863
205863
205863
205863
205863
205863
205863
205863
205863
205863
205863
205863
205863
205878
205878
205878
205878
205878
205878
205878
205878
205878
205878
205878
205878
205878
205878
205878
205878
205878
205878
205878
205878
205878
204654R
204654R
204654R
204654R
204654R
204654R
204654R
204654R
204654R
204654R
204654R
204654R
204654R
204654R
204654R
204654R
204654R
204654R
204655R
204655R
204655R
204655R
204655R
204655R
204655R
204655R
204655R
204655R
204655R
204655R
204655R
204655R
204655R
204655R
204655R
204655R
205794R
205794R
205794R
205794R
205794R
205794R
205794R
205794R
205794R
205794R
205794R
205794R
205794R
205794R
205794R
205794R
205794R
205794R
205794R
205794R
205794R
205794R
205794R
205794R
205794R
205794R
205794R
205794R
205794R
205794R
205835RR
205835RR
205835RR
205835RR
205835RR
205835RR
205835RR
205835RR
205835RR
205835RR
205835RR
205835RR
205835RR
205835RR
205835RR
205835RR
205835RR
205835RR
205836R
205836R
205836R
205836R
205836R
205836R
205836R
205836R
205836R
205836R
205836R
205836R
205836R
205836R
205836R
205836R
205836R
205836R
205839R
205839R
205839R
205839R
205839R
205839R
205839R
205839R
205839R
205839R
205839R
205839R
205839R
205839R
205839R
205839R
205839R
205839R
205806
205806
205806
205806
205806
205806
205806
205806
205806
205806
205806
205806
205806
205806
205806
205806
205806
205806
205806
205806
205806
205809
205809
205809
205809
205809
205809
205809
205809
205809
205809
205809
205809
205809
205809
205809
205809
205809
205809
205809
205809
205809
205809
205809
205809
205809
205809
205809
205809
205809
205809
205875
205875
205875
205875
205875
205875
205875
205875
205875
205875
205875
205875
205875
205875
205875
205875
205875
205875
205875
205875
205875
205843
205843
205843
205843
205843
205843
205843
205843
205843
205843
205843
205843
205843
205843
205843
205843
205843
205843
205904
205904
205904
205904
205904
205904
205904
205904
205904
205904
205904
205904
205904
205904
205904
205904
205904
205904
205904
205904
205904
205879
205879
205879
205879
205879
205879
205879
205879
205879
205879
205879
205879
205879
205879
205879
205879
205879
205879
205879
205879
205879
205880
205880
205880
205880
205880
205880
205880
205880
205880
205880
205880
205880
205880
205880
205880
205897
205897
205897
205897
205897
205897
205897
205897
205897
205897
205897
205897
205897
205897
205897
205897
205897
205897
205897
205897
205897
205898
205898
205898
205898
205898
205898
205898
205898
205898
205898
205898
205898
205898
205898
205898
205865
205865
205865
205865
205865
205865
205865
205865
205865
205865
205865
205865
205865
205865
205865
205865
205865
205865
205824
205824
205824
205824
205824
205824
205824
205824
205824
205824
205824
205824
205824
205824
205824
205824
205824
205824
205824
205824
205824
205824
205824
205824
205824
205824
205824
205824
205824
205824
205793
205793
205793
205793
205793
205793
205793
205793
205793
205793
205793
205793
205793
205793
205793
205793
205793
205793
205793
205793
205793
205841
205841
205841
205841
205841
205841
205841
205841
205841
205841
205841
205841
205841
205841
205841
205841
205841
205841
205856
205856
205856
205856
205856
205856
205856
205856
205856
205856
205856
205856
205856
205856
205856
205856
205856
205856
205814
205814
205814
205814
205814
205814
205814
205814
205814
205814
205814
205814
205814
205814
205814
205814
205814
205814
205814
205814
205814
205814
205814
205814
205814
205814
205814
205814
205814
205814
205815
205815
205815
205815
205815
205815
205815
205815
205815
205815
205815
205815
205815
205815
205815
205815
205815
205815
205815
205815
205815
205815
205815
205815
205815
205815
205815
205815
205815
205815
205833
205833
205833
205833
205833
205833
205833
205833
205833
205833
205833
205833
205833
205833
205833
205833
205833
205833
205834
205834
205834
205834
205834
205834
205834
205834
205834
205834
205834
205834
205834
205834
205834
205834
205834
205834
205857
205857
205857
205857
205857
205857
205857
205857
205857
205857
205857
205857
205857
205857
205857
205857
205857
205857
205906
205906
205906
205906
205906
205906
205906
205906
205906
205906
205906
205906
205906
205906
205906
205906
205906
205906
205906
205906
205906
205892
205892
205892
205892
205892
205892
205892
205892
205892
205892
205892
205892
205892
205892
205892
205892
205892
205892
205892
205892
205892
205893
205893
205893
205893
205893
205893
205893
205893
205893
205893
205893
205893
205893
205893
205893
205893
205893
205893
205893
205893
205893
205810
205810
205810
205810
205810
205810
205810
205810
205810
205810
205810
205810
205810
205810
205810
205810
205810
205810
205810
205810
205810
205810
205810
205810
205810
205810
205810
205810
205810
205810
205786
205786
205786
205786
205786
205786
205786
205786
205786
205786
205786
205786
205786
205786
205786
205786
205786
205786
205786
205786
205786
205786
205786
205786
205786
205786
205786
205786
205786
205786
205839
205839
205839
205839
205839
205839
205839
205839
205839
205839
205839
205839
205839
205839
205839
205839
205839
205839
205829
205829
205829
205829
205829
205829
205829
205829
205829
205829
205829
205829
205829
205829
205829
205829
205829
205829
205850
205850
205850
205850
205850
205850
205850
205850
205850
205850
205850
205850
205850
205850
205850
205850
205850
205850
205901
205901
205901
205901
205901
205901
205901
205901
205901
205901
205901
205901
205901
205901
205901
205901
205901
205901
205901
205901
205901
205846
205846
205846
205846
205846
205846
205846
205846
205846
205846
205846
205846
205846
205846
205846
205846
205846
205846
205828
205828
205828
205828
205828
205828
205828
205828
205828
205828
205828
205828
205828
205828
205828
205828
205828
205828
205830
205830
205830
205830
205830
205830
205830
205830
205830
205830
205830
205830
205830
205830
205830
205830
205830
205830
205883
205883
205883
205883
205883
205883
205883
205883
205883
205883
205883
205883
205883
205883
205883
205883
205883
205883
205883
205883
205883
205797
205797
205797
205797
205797
205797
205797
205797
205797
205797
205797
205797
205797
205797
205797
205797
205797
205797
205797
205797
205797
205797
205797
205797
205797
205797
205797
205797
205797
205797
205905
205905
205905
205905
205905
205905
205905
205905
205905
205905
205905
205905
205905
205905
205905
205905
205905
205905
205905
205905
205905
205849
205849
205849
205849
205849
205849
205849
205849
205849
205849
205849
205849
205849
205849
205849
205849
205849
205849
205868
205868
205868
205868
205868
205868
205868
205868
205868
205868
205868
205868
205868
205868
205868
205868
205868
205868
205801
205801
205801
205801
205801
205801
205801
205801
205801
205801
205801
205801
205801
205801
205801
205801
205801
205801
205801
205801
205801
205801
205801
205801
205801
205801
205801
205801
205801
205801
205832
205832
205832
205832
205832
205832
205832
205832
205832
205832
205832
205832
205832
205832
205832
205832
205832
205832
205791
205791
205791
205791
205791
205791
205791
205791
205791
205791
205791
205791
205791
205791
205791
205791
205791
205791
205791
205791
205791
205791
205791
205791
205791
205791
205791
205791
205791
205791
205891
205891
205891
205891
205891
205891
205891
205891
205891
205891
205891
205891
205891
205891
205891
205891
205891
205891
205891
205891
205891
205807
205807
205807
205807
205807
205807
205807
205807
205807
205807
205807
205807
205807
205807
205807
205807
205807
205807
205807
205807
205807
205889
205889
205889
205889
205889
205889
205889
205889
205889
205889
205889
205889
205889
205889
205889
205889
205889
205889
205889
205889
205889
205811
205811
205811
205811
205811
205811
205811
205811
205811
205811
205811
205811
205811
205811
205811
205811
205811
205811
205811
205811
205811
205811
205811
205811
205811
205811
205811
205811
205811
205811
205820
205820
205820
205820
205820
205820
205820
205820
205820
205820
205820
205820
205820
205820
205820
205820
205820
205820
205820
205820
205820
205820
205820
205820
205820
205820
205820
205820
205820
205820
205818
205818
205818
205818
205818
205818
205818
205818
205818
205818
205818
205818
205818
205818
205818
205818
205818
205818
205818
205818
205818
205818
205818
205818
205818
205818
205818
205818
205818
205818
205890
205890
205890
205890
205890
205890
205890
205890
205890
205890
205890
205890
205890
205890
205890
205890
205890
205890
205890
205890
205890
205788
205788
205788
205788
205788
205788
205788
205788
205788
205788
205788
205788
205788
205788
205788
205788
205788
205788
205788
205788
205788
205788
205788
205788
205788
205788
205788
205788
205788
205788
205819
205819
205819
205819
205819
205819
205819
205819
205819
205819
205819
205819
205819
205819
205819
205819
205819
205819
205819
205819
205819
205819
205819
205819
205819
205819
205819
205819
205819
205819
205894
205894
205894
205894
205894
205894
205894
205894
205894
205894
205894
205894
205894
205894
205894
205894
205894
205894
205894
205894
205894
205844
205844
205844
205844
205844
205844
205844
205844
205844
205844
205844
205844
205844
205844
205844
205844
205844
205844
205842
205842
205842
205842
205842
205842
205842
205842
205842
205842
205842
205842
205842
205842
205842
205842
205842
205842
205900
205900
205900
205900
205900
205900
205900
205900
205900
205900
205900
205900
205900
205900
205900
205900
205900
205900
205900
205900
205900
205835
205835
205835
205835
205835
205835
205835
205835
205835
205835
205835
205835
205835
205835
205835
205835
205835
205835
205823
205823
205823
205823
205823
205823
205823
205823
205823
205823
205823
205823
205823
205823
205823
205823
205823
205823
205823
205823
205823
205823
205823
205823
205823
205823
205823
205823
205823
205823
205808
205808
205808
205808
205808
205808
205808
205808
205808
205808
205808
205808
205808
205808
205808
205808
205808
205808
205808
205808
205808
205808
205808
205808
205808
205808
205808
205808
205808
205808
205817
205817
205817
205817
205817
205817
205817
205817
205817
205817
205817
205817
205817
205817
205817
205817
205817
205817
205817
205817
205817
205817
205817
205817
205817
205817
205817
205817
205817
205817
205881
205881
205881
205881
205881
205881
205881
205881
205881
205881
205881
205881
205881
205881
205881
205881
205881
205881
205881
205881
205881
205876
205876
205876
205876
205876
205876
205876
205876
205876
205876
205876
205876
205876
205876
205876
205876
205876
205876
205876
205876
205876
205836
205836
205836
205836
205836
205836
205836
205836
205836
205836
205836
205836
205836
205836
205836
205836
205836
205836
205884
205884
205884
205884
205884
205884
205884
205884
205884
205884
205884
205884
205884
205884
205884
205884
205884
205884
205884
205884
205884
205885
205885
205885
205885
205885
205885
205885
205885
205885
205885
205885
205885
205885
205885
205885
205885
205885
205885
205885
205885
205885
205886
205886
205886
205886
205886
205886
205886
205886
205886
205886
205886
205886
205886
205886
205886
205886
205886
205886
205886
205886
205886
205787
205787
205787
205787
205787
205787
205787
205787
205787
205787
205787
205787
205787
205787
205787
205787
205787
205787
205787
205787
205787
205787
205787
205787
205787
205787
205787
205787
205787
205787
205877
205877
205877
205877
205877
205877
205877
205877
205877
205877
205877
205877
205877
205877
205877
205877
205877
205877
205877
205877
205877
205821
205821
205821
205821
205821
205821
205821
205821
205821
205821
205821
205821
205821
205821
205821
205821
205821
205821
205821
205821
205821
205821
205821
205821
205821
205821
205821
205821
205821
205821
205794
205794
205794
205794
205794
205794
205794
205794
205794
205794
205794
205794
205794
205794
205794
205794
205794
205794
205794
205794
205794
205794
205794
205794
205794
205794
205794
205794
205794
205794
205799
205799
205799
205799
205799
205799
205799
205799
205799
205799
205799
205799
205799
205799
205799
205799
205799
205799
205799
205799
205799
205799
205799
205799
205799
205799
205799
205799
205799
205799
205796
205796
205796
205796
205796
205796
205796
205796
205796
205796
205796
205796
205796
205796
205796
205796
205796
205796
205796
205796
205796
205796
205796
205796
205796
205796
205796
205796
205796
205796
205865.1
205865.1
205865.1
205865.1
205865.1
205865.1
205865.1
205865.1
205865.1
205865.1
205865.1
205865.1
205865.1
205865.1
205865.1
205865.1
205865.1
205865.1
205813
205813
205813
205813
205813
205813
205813
205813
205813
205813
205813
205813
205813
205813
205813
205813
205813
205813
205813
205813
205813
205813
205813
205813
205813
205813
205813
205813
205813
205813
205896
205896
205896
205896
205896
205896
205896
205896
205896
205896
205896
205896
205896
205896
205896
205896
205896
205896
205896
205896
205896
205839C
205839C
205839C
205839C
205839C
205839C
205839C
205839C
205839C
205839C
205839C
205839C
205839C
205839C
205839C
205839C
205839C
205839C
205800
205800
205800
205800
205800
205800
205800
205800
205800
205800
205800
205800
205800
205800
205800
205800
205800
205800
205800
205800
205800
205800
205800
205800
205800
205800
205800
205800
205800
205800
205837
205837
205837
205837
205837
205837
205837
205837
205837
205837
205837
205837
205837
205837
205837
205837
205837
205837
205837
205837
205837
205837
205837
205837
205837
205837
205837
205837
205837
205837
205837
205837
205837
205837
205837
205837
205837
205837
205837
205837
205933a
205933a
205933a
205933a
205933a
205933a
205933a
205933a
205933a
205933a
205933a
205933a
205933a
205933a
205933a
205933a
205933a
205933a
205933a
205933a
205933a
205933a
205933a
205933a
205933a
205933a
205933a
205933a
205933a
205933a
205933a
205933a
205933a
205933a
205933a
205933a
205933a
205933a
205933a
205933a
205933a
205933a
205933a
205933a
205933a
205933a
205933a
205933a
205933a
205933a
205933a
205933a
205933a
205933a
205933a
205933a
205933a
205933a
205933a
205933a
205933a
205933a
205933a
205933a
205933a
205933a
205933a
205933a
205933a
205933a
702858
702858
702858
702858
702858
702858
702858
702858
702860
702860
702860
702860
702860
702845
702845
702845
702845
702845
702831
702831
702831
702831
702832
702832
702832
702832
702846
702846
702846
702846
702846
702846
702846
702846
702847
702847
702847
702847
702847
702847
702847
702847
702850
702850
702850
702850
702850
702850
702850
702850
702852
702852
702852
702852
702852
702852
702830
702830
702830
702830
702859
702859
702859
702859
702859
702859
702859
702859
702840
702840
702840
702840
702840
702840
702840
702840
702834
702834
702835
702835
702833
702833
702851
702851
702851
702851
702851
702851
702851
702851
702861
702861
702861
702861
702861
702838
702838
702838
702838
702838
702838
702844
702844
702844
702844
702844
702837
702837
702837
702837
702837
702837
702843
702843
702843
702843
702843
702843
702843
702843
702841
702841
702841
702841
702841
702841
702841
702841
702842
702842
702842
702842
702848
702848
702848
702848
702849
702849
702849
702849
702849
702849
702849
702849
702853
702853
702853
702853
702853
702853
702853
702853
702854
702854
702854
702854
702854
702854
702854
702854
702855
702855
702855
702855
702856
702856
702856
702856
702856
702856
702856
702856
702839
702839
702839
702839
702839
702839
702839
702839
205912
205912
205912
205912
205912
205912
205912
205912
205912
205912
205912
205912
205912
205912
205912
205912
205912
205912
205912
205912
205913
205913
205913
205913
205913
205913
205913
205913
205913
205913
205913
205913
205913
205913
205913
205913
205913
205913
205913
205913
205916
205916
205916
205916
205916
205916
205916
205916
205916
205916
205916
205916
205916
205916
205916
205916
205916
205916
205916
205916
205924
205924
205924
205924
205924
205924
205924
205924
205924
205924
205924
205924
205924
205924
205915
205915
205915
205915
205915
205915
205915
205915
205915
205915
205915
205915
205915
205915
205915
205915
205915
205915
205915
205915
205920
205920
205920
205920
205920
205920
205920
205920
205920
205920
205920
205920
205920
205920
205921
205921
205921
205921
205921
205921
205921
205921
205921
205921
205921
205921
205921
205921
205919
205919
205919
205919
205919
205919
205919
205919
205919
205919
205919
205919
3420R
3420R
3420R
3420R
3420R
3420R
3420R
3420R
3420R
3420R
3420R
3420R
3420R
3420R
3420R
3420R
3420R
3420R
3420R
3420R
3420R
3420R
3420R
3420R
3214A
3214A
3214A
3214A
3214A
3214A
3214A
3214A
3214A
3214A
3214A
3214A
3214A
3214A
3214A
3214A
3214A
3214A
3214A
3214A
3214A
3214A
3214A
3214A
3214A
3214A
3214A
3214A
3214A
3214A
3330A
3330A
3330A
3330A
3330A
3330A
3330A
3330A
3330A
3330A
3330A
3330A
3330A
3330A
3330A
3330A
3330A
3330A
3330A
3330A
3330A
3330A
3330A
3330A
3215B
3215B
3215B
3215B
3215B
3215B
3215B
3215B
3215B
3215B
3215B
3215B
3215B
3215B
3215B
3215B
3215B
3215B
3215B
3215B
3215B
3215B
3215B
3215B
3215B
3215B
3215B
3215B
3215B
3215B
3228B
3228B
3228B
3228B
3228B
3228B
3228B
3228B
3228B
3228B
3228B
3228B
3228B
3228B
3228B
3228B
3228B
3228B
3228B
3228B
3228B
3228B
3228B
3228B
3228B
3228B
3228B
3228B
3228B
3228B